-0.00208000000000000	-0.826870000000000
0.0299500000000000	-0.831500000000000
0.0964200000000000	-0.740540000000000
0.160570000000000	-0.672350000000000
0.194930000000000	-0.642810000000000
0.247860000000000	-0.378700000000000
0.284900000000000	-0.00748000000000000
0.333310000000000	0.304480000000000
0.381640000000000	0.543550000000000
0.439000000000000	0.675540000000000
0.475610000000000	0.675450000000000
0.528300000000000	0.725450000000000
0.583210000000000	0.720770000000000
0.631290000000000	0.734330000000000
0.702200000000000	0.715940000000000
0.777640000000000	0.651990000000000
0.837000000000000	0.528850000000000
0.885910000000000	0.278160000000000
0.918760000000000	-0.00893000000000000
0.944650000000000	-0.384840000000000
0.972830000000000	-0.751650000000000
1.01622000000000	-0.833750000000000
1.08036000000000	-0.774670000000000
1.13996000000000	-0.683690000000000
1.18346000000000	-0.665570000000000
1.25244000000000	-0.374150000000000
1.28949000000000	0.00845000000000000
1.34021000000000	0.331800000000000
1.40459000000000	0.600450000000000
1.43899000000000	0.664150000000000
1.48248000000000	0.682270000000000
1.53287000000000	0.718600000000000
1.58779000000000	0.723030000000000
1.64729000000000	0.722900000000000
1.71365000000000	0.718190000000000
1.77764000000000	0.649710000000000
1.83928000000000	0.517450000000000
1.89504000000000	0.257640000000000
1.91877000000000	-0.00665000000000000
1.94583000000000	-0.357510000000000
1.96835000000000	-0.667350000000000
2.00021000000000	-0.822320000000000