Frame3D : point number, element number, material number
   21    20     1
END
   21                      X                      Y                      Z                  Lspan                  Rspan
    1   0.000000000000000000   0.000000000000000000   0.000000000000000000   0.000000000000000000  20.000000000000000000   1.000000000000000000   0.000000000000000000   0.000000000000000000
    2   0.000000000000000000   0.500000000000000000   0.000000000000000000   0.000000000000000000  20.000000000000000000   1.000000000000000000   0.000000000000000000   0.000000000000000000
    3   0.000000000000000000   1.000000000000000000   0.000000000000000000   0.000000000000000000  20.000000000000000000   1.000000000000000000   0.000000000000000000   0.000000000000000000
    4   0.000000000000000000   1.500000000000000222   0.000000000000000000   0.000000000000000000  20.000000000000000000   1.000000000000000000   0.000000000000000000   0.000000000000000000
    5   0.000000000000000000   2.000000000000000000   0.000000000000000000   0.000000000000000000  20.000000000000000000   1.000000000000000000   0.000000000000000000   0.000000000000000000
    6   0.000000000000000000   2.500000000000000000   0.000000000000000000   0.000000000000000000  20.000000000000000000   1.000000000000000000   0.000000000000000000   0.000000000000000000
    7   0.000000000000000000   3.000000000000000444   0.000000000000000000   0.000000000000000000  20.000000000000000000   1.000000000000000000   0.000000000000000000   0.000000000000000000
    8   0.000000000000000000   3.500000000000000444   0.000000000000000000   0.000000000000000000  20.000000000000000000   1.000000000000000000   0.000000000000000000   0.000000000000000000
    9   0.000000000000000000   4.000000000000000000   0.000000000000000000   0.000000000000000000  20.000000000000000000   1.000000000000000000   0.000000000000000000   0.000000000000000000
   10   0.000000000000000000   4.500000000000000000   0.000000000000000000   0.000000000000000000  20.000000000000000000   1.000000000000000000   0.000000000000000000   0.000000000000000000
   11   0.000000000000000000   5.000000000000000000   0.000000000000000000   0.000000000000000000  20.000000000000000000   1.000000000000000000   0.000000000000000000   0.000000000000000000
   12   0.000000000000000000   5.500000000000000000   0.000000000000000000   0.000000000000000000  20.000000000000000000   1.000000000000000000   0.000000000000000000   0.000000000000000000
   13   0.000000000000000000   6.000000000000000888   0.000000000000000000   0.000000000000000000  20.000000000000000000   1.000000000000000000   0.000000000000000000   0.000000000000000000
   14   0.000000000000000000   6.500000000000000000   0.000000000000000000   0.000000000000000000  20.000000000000000000   1.000000000000000000   0.000000000000000000   0.000000000000000000
   15   0.000000000000000000   7.000000000000000888   0.000000000000000000   0.000000000000000000  20.000000000000000000   1.000000000000000000   0.000000000000000000   0.000000000000000000
   16   0.000000000000000000   7.500000000000000000   0.000000000000000000   0.000000000000000000  20.000000000000000000   1.000000000000000000   0.000000000000000000   0.000000000000000000
   17   0.000000000000000000   8.000000000000000000   0.000000000000000000   0.000000000000000000  20.000000000000000000   1.000000000000000000   0.000000000000000000   0.000000000000000000
   18   0.000000000000000000   8.500000000000000000   0.000000000000000000   0.000000000000000000  20.000000000000000000   1.000000000000000000   0.000000000000000000   0.000000000000000000
   19   0.000000000000000000   9.000000000000000000   0.000000000000000000   0.000000000000000000  20.000000000000000000   1.000000000000000000   0.000000000000000000   0.000000000000000000
   20   0.000000000000000000   9.500000000000000000   0.000000000000000000   0.000000000000000000  20.000000000000000000   1.000000000000000000   0.000000000000000000   0.000000000000000000
   21   0.000000000000000000  10.000000000000000000   0.000000000000000000   0.000000000000000000  20.000000000000000000   1.000000000000000000   0.000000000000000000   0.000000000000000000
END
   20     I     J     K  TYPE   MAT
    1     1     2     2     2     1   400
    2     2     3     3     2     1   400
    3     3     4     4     2     1   400
    4     4     5     5     2     1   400
    5     5     6     6     2     1   400
    6     6     7     7     2     1   400
    7     7     8     8     2     1   400
    8     8     9     9     2     1   400
    9     9    10    10     2     1   400
   10    10    11    11     2     1   400
   11    11    12    12     2     1   400
   12    12    13    13     2     1   400
   13    13    14    14     2     1   400
   14    14    15    15     2     1   400
   15    15    16    16     2     1   400
   16    16    17    17     2     1   400
   17    17    18    18     2     1   400
   18    18    19    19     2     1   400
   19    19    20    20     2     1   400
   20    20    21    21     2     1   400
END
   21  XTRA  YTRA  ZTRA  XROT  YROT  ZROT
    1     1     0     0     0     0     0
    2     0     0     0     0     0     0
    3     0     0     0     0     0     0
    4     0     0     0     0     0     0
    5     0     0     0     0     0     0
    6     0     0     0     0     0     0
    7     0     0     0     0     0     0
    8     0     0     0     0     0     0
    9     0     0     0     0     0     0
   10     0     0     0     0     0     0
   11     0     0     0     0     0     0
   12     0     0     0     0     0     0
   13     0     0     0     0     0     0
   14     0     0     0     0     0     0
   15     0     0     0     0     0     0
   16     0     0     0     0     0     0
   17     0     0     0     0     0     0
   18     0     0     0     0     0     0
   19     0     0     0     0     0     0
   20     0     0     0     0     0     0
   21     0     0     0     0     0     0
END
1   E           G           A           RHO         GAMMA       IP          IA          IB
1   0.100D+01   0.100D+01   0.100D+01   0.100D+01   0.000D+00   0.100D+01   0.150D+01   0.500D+00
END
